18:04.49,"66,10.25,6.69,7.91,4.64,38.10,28.50,39.12	
"
18:04.49,"7.28,3.71,1.66,10.25,6.69,7.91,4.64,38.10,28.50,39.12	
"
18:05.47,"7.28,3.71,1.61,10.25,6.69,7.91,4.64,38.10,28.50,39.12	
"
18:05.97,"7.28,3.71,1.61,10.21,6.69,7.91,4.69,38.10,28.50,39.12	
"
18:06.47,"7.28,3.71,1.66,10.25,6.69,7.91,4.64,38.10,28.50,39.12	
"
18:06.98,"7.28,3.71,1.66,10.25,6.69,7.91,4.69,38.10,28.50,39.12	
"
18:07.49,"7.28,3.71,1.66,10.25,6.69,7.91,4.69,38.10,28.60,39.15	
"
18:07.99,"7.28,3.71,1.66,10.25,6.69,7.91,4.64,38.10,28.60,39.15	
"
18:08.50,"7.28,3.71,1.66,10.25,6.69,7.96,4.64,38.10,28.60,39.15	
"
18:09.,"7.28,3.71,1.66,10.25,6.69,7.96,4.69,38.10,28.60,39.15	
"
18:09.51,"7.28,3.71,1.66,10.25,6.69,7.96,4.64,38.10,28.50,39.12	
"
18:10.2,"7.28,3.71,1.66,10.25,6.69,7.96,4.64,38.10,28.50,39.12	
"
18:10.52,"7.28,3.71,1.66,10.25,6.69,7.96,4.69,38.10,28.50,39.12	
"
18:11.3,"7.28,3.71,1.61,10.25,6.69,7.96,4.64,38.10,28.50,39.12	
"
18:11.54,"7.28,3.71,1.66,10.25,6.69,7.91,4.69,38.10,28.50,39.12	
"
18:12.4,"7.28,3.71,1.66,10.25,6.69,7.91,4.64,38.10,28.50,39.12	
"
18:12.54,"7.28,3.71,1.66,10.21,6.69,7.91,4.64,38.10,28.50,39.12	
"
18:13.5,"7.28,3.71,1.66,10.25,6.69,7.91,4.64,38.10,28.50,39.12	
"
18:13.56,"7.28,3.71,1.61,10.25,6.69,7.91,4.69,38.00,28.50,38.95	
"
18:14.6,"7.28,3.71,1.66,10.25,6.69,7.91,4.64,38.00,28.50,38.95	
"
18:14.57,"7.28,3.71,1.66,10.25,6.69,7.91,4.69,38.00,28.50,38.95	
"
18:15.8,"7.28,3.71,1.66,10.25,6.69,7.91,4.64,38.00,28.50,38.95	
"
18:15.58,"7.28,3.71,1.66,10.25,6.69,7.91,4.69,38.10,28.60,39.15	
"
18:16.9,"7.28,3.71,1.61,10.25,6.69,7.91,4.69,38.10,28.60,39.15	
"
18:16.60,"7.28,3.71,1.66,10.25,6.69,7.91,4.64,38.10,28.60,39.15	
"
18:17.10,"7.28,3.71,1.61,10.21,6.69,7.91,4.64,38.10,28.60,39.15	
"
18:17.61,"7.28,3.66,1.66,10.25,6.69,7.91,4.69,38.10,28.50,39.12	
"
18:18.12,"7.28,3.71,1.61,10.21,6.69,7.91,4.64,38.10,28.50,39.12	
"
18:18.62,"7.28,3.71,1.66,10.21,6.69,7.91,4.64,38.10,28.50,39.12	
"
18:19.12,"7.28,3.71,1.66,10.25,6.69,7.86,4.69,38.10,28.50,39.12	
"
18:19.63,"7.28,3.71,1.66,10.25,6.69,7.86,4.64,38.10,28.50,39.12	
"
18:20.14,"7.28,3.71,1.66,10.21,6.69,7.91,4.64,38.10,28.50,39.12	
"
18:20.64,"7.28,3.71,1.66,10.25,6.64,7.91,4.69,38.10,28.50,39.12	
"
18:21.15,"7.28,3.71,1.61,10.25,6.69,7.91,4.69,38.10,28.50,39.12	
"
18:21.66,"7.28,3.71,1.66,10.21,6.69,7.91,4.69,38.10,28.50,39.12	
"
18:37.83,"1.61,10.25,6.69,7.76,4.64,38.10,28.40,39.09	
"
18:49.99,"8.10,28.30,39.05	
"
18:49.99,"0,28.30,39.05	
"
18:49.99,"7.23,3.66,1.61,10.21,6.64,7.76,4.64,38.10,28.30,39.05	
"
18:49.99,"7.23,3.66,1.61,10.21,6.64,7.76,4.64,38.10,28.30,39.05	
"
18:49.99,"0,28.30,39.05	
"
18:49.99,"7.23,3.66,1.61,10.21,6.64,7.76,4.64,38.10,28.30,39.05	
"
18:49.99,"7.23,3.66,1.61,10.21,6.64,7.76,4.64,38.10,28.30,39.05	
"
18:50.96,"7.23,3.66,1.61,10.21,6.64,7.76,4.59,38.10,28.30,39.05	
"
18:51.47,"7.23,3.66,1.61,10.21,6.64,7.76,4.59,38.10,28.30,39.05	
"
18:51.98,"7.23,3.66,1.61,10.21,6.64,7.76,4.64,38.10,28.30,39.05	
"
18:52.48,"7.23,3.66,1.61,10.21,6.64,7.76,4.64,38.10,28.30,39.05	
"
18:52.99,"7.23,3.66,1.61,10.21,6.64,7.76,4.64,38.10,28.30,39.05	
"
18:54.49,"7.23,3.66,1.61,10.25,6.69,7.81,4.64,38.10,28.30,39.05	
"
18:55.,"7.32,3.71,1.66,10.35,6.74,7.86,4.69,38.10,28.30,39.05	
"
18:55.51,"7.32,3.71,1.66,10.30,6.74,7.86,4.69,38.10,28.30,39.05	
"
18:56.1,"7.32,3.71,1.66,10.30,6.74,7.81,4.64,38.10,28.30,39.05	
"
18:56.52,"7.32,3.71,1.66,10.30,6.74,7.81,4.64,38.10,28.30,39.05	
"
18:57.3,"7.32,3.71,1.61,10.35,6.74,7.81,4.69,38.10,28.30,39.05	
"
18:57.53,"7.32,3.71,1.66,10.30,6.74,7.81,4.69,38.10,28.30,39.05	
"
18:58.4,"7.32,3.71,1.61,10.35,6.74,7.81,4.69,38.10,28.30,39.05	
"
18:58.54,"7.32,3.71,1.61,10.35,6.74,7.81,4.69,38.10,28.30,39.05	
"
18:59.5,"7.32,3.71,1.66,10.35,6.74,7.81,4.69,38.10,28.30,39.05	
"
18:59.56,"7.32,3.71,1.61,10.35,6.74,7.81,4.69,38.10,28.30,39.05	
"
19:00.6,"7.32,3.71,1.66,10.30,6.74,7.81,4.69,38.10,28.30,39.05	
"
19:00.56,"7.32,3.71,1.66,10.30,6.74,7.81,4.64,38.10,28.30,39.05	
"
19:01.8,"7.28,3.71,1.66,10.30,6.74,7.81,4.64,38.10,28.30,39.05	
"
19:01.58,"7.32,3.71,1.66,10.30,6.74,7.81,4.64,38.10,28.30,39.05	
"
19:02.8,"7.32,3.71,1.66,10.30,6.74,7.81,4.64,38.10,28.30,39.05	
"
19:02.59,"7.32,3.71,1.66,10.30,6.74,7.81,4.64,38.10,28.30,39.05	
"
19:03.10,"7.32,3.66,1.66,10.30,6.74,7.81,4.64,38.10,28.30,39.05	
"
19:03.60,"7.32,3.66,1.66,10.30,6.74,7.81,4.64,38.10,28.30,39.05	
"
19:04.11,"7.32,3.66,1.66,10.30,6.74,7.81,4.64,38.10,28.30,39.05	
"
19:04.61,"7.32,3.66,1.66,10.30,6.74,7.81,4.64,38.10,28.30,39.05	
"
19:05.12,"7.32,3.66,1.61,10.30,6.74,7.81,4.69,38.10,28.30,39.05	
"
19:05.63,"7.28,3.66,1.61,10.30,6.74,7.81,4.64,38.10,28.30,39.05	
"
19:06.13,"7.32,3.66,1.66,10.30,6.74,7.81,4.69,38.10,28.30,39.05	
"
19:07.64,"7.37,3.71,1.66,10.40,6.79,7.86,4.69,38.10,28.30,39.05	
"
19:08.15,"7.37,3.71,1.66,10.45,6.84,7.91,4.69,38.10,28.30,39.05	
"
19:08.65,"7.42,3.71,1.66,10.45,6.79,7.96,4.69,38.10,28.30,39.05	
"
19:09.15,"7.37,3.76,1.66,10.45,6.84,7.96,4.69,38.10,28.30,39.05	
"
19:09.67,"7.42,3.71,1.66,10.45,6.79,7.96,4.74,38.10,28.30,39.05	
"
19:10.17,"7.42,3.71,1.66,10.45,6.79,7.91,4.74,38.10,28.30,39.05	
"
19:10.67,"7.42,3.71,1.66,10.45,6.84,7.96,4.69,38.10,28.30,39.05	
"
19:11.18,"7.42,3.71,1.66,10.45,6.79,7.91,4.69,38.10,28.30,39.05	
"
19:11.69,"7.42,3.71,1.66,10.45,6.79,7.96,4.74,38.10,28.30,39.05	
"
19:12.19,"7.42,3.76,1.66,10.45,6.79,7.96,4.69,38.10,28.30,39.05	
"
19:12.70,"7.37,3.71,1.66,10.45,6.79,7.96,4.69,38.10,28.30,39.05	
"
19:43.5,"0,39.25	
"
19:43.5,"7.37,3.71,1.66,10.45,6.79,7.91,4.69,38.20,28.40,39.25	
"
19:45.45,"4.59,38.20,28.40,39.25	
"
19:45.45,"0,28.40,39.25	
"
19:45.45,"7.18,3.61,1.61,10.16,6.59,7.67,4.59,38.20,28.40,39.25	
"
19:45.45,"7.18,3.61,1.61,10.16,6.59,7.67,4.59,38.20,28.40,39.25	
"
19:46.41,"7.18,3.61,1.61,10.16,6.59,7.62,4.59,38.20,28.40,39.25	
"
19:46.92,"7.18,3.56,1.61,10.11,6.59,7.62,4.59,38.20,28.40,39.25	
"
19:47.42,"7.18,3.56,1.61,10.16,6.59,7.62,4.59,38.20,28.40,39.25	
"
19:47.92,"7.18,3.56,1.61,10.16,6.59,7.62,4.59,38.20,28.40,39.25	
"
19:48.44,"7.18,3.56,1.61,10.11,6.59,7.67,4.59,38.20,28.40,39.25	
"
19:48.94,"7.18,3.56,1.61,10.16,6.59,7.62,4.59,38.20,28.40,39.25	
"
19:49.44,"7.18,3.56,1.61,10.16,6.59,7.62,4.59,38.20,28.40,39.25	
"
19:49.95,"7.13,3.56,1.61,10.16,6.59,7.62,4.59,38.20,28.40,39.25	
"
19:51.46,"7.23,3.61,1.61,10.25,6.64,7.71,4.64,38.20,28.40,39.25	
"
19:51.96,"7.28,3.61,1.61,10.25,6.69,7.71,4.64,38.20,28.40,39.25	
"
19:52.47,"7.28,3.61,1.61,10.25,6.69,7.76,4.64,38.20,28.40,39.25	
"
19:52.97,"7.28,3.61,1.61,10.25,6.69,7.71,4.64,38.20,28.40,39.25	
"
19:53.48,"7.28,3.61,1.61,10.25,6.69,7.71,4.64,38.20,28.30,39.22	
"
19:53.99,"7.28,3.61,1.61,10.25,6.69,7.71,4.59,38.20,28.30,39.22	
"
19:54.49,"7.28,3.61,1.66,10.25,6.69,7.71,4.64,38.20,28.30,39.22	
"
19:54.99,"7.28,3.61,1.61,10.25,6.69,7.71,4.64,38.20,28.30,39.22	
"
19:55.51,"7.28,3.61,1.61,10.25,6.69,7.71,4.64,38.20,28.40,39.25	
"
19:56.1,"7.28,3.61,1.61,10.25,6.69,7.71,4.64,38.20,28.40,39.25	
"
19:56.51,"7.28,3.61,1.61,10.25,6.69,7.71,4.64,38.20,28.40,39.25	
"
19:57.2,"7.28,3.61,1.61,10.25,6.69,7.71,4.64,38.20,28.40,39.25	
"
19:57.53,"7.28,3.61,1.61,10.25,6.69,7.71,4.64,38.20,28.30,39.22	
"
19:58.3,"7.28,3.61,1.61,10.25,6.64,7.71,4.64,38.20,28.30,39.22	
"
19:58.54,"7.28,3.61,1.61,10.25,6.69,7.76,4.64,38.20,28.30,39.22	
"
19:59.4,"7.28,3.61,1.61,10.30,6.69,7.71,4.64,38.20,28.30,39.22	
"
19:59.55,"7.28,3.61,1.61,10.25,6.69,7.76,4.64,38.20,28.30,39.22	
"
20:00.6,"7.28,3.61,1.61,10.25,6.69,7.71,4.64,38.20,28.30,39.22	
"
20:00.56,"7.28,3.61,1.61,10.25,6.69,7.71,4.64,38.20,28.30,39.22	
"
20:01.7,"7.28,3.61,1.61,10.30,6.69,7.71,4.64,38.20,28.30,39.22	
"
20:01.58,"7.28,3.61,1.61,10.25,6.69,7.76,4.64,38.20,28.30,39.22	
"
20:02.8,"7.28,3.61,1.61,10.25,6.69,7.76,4.59,38.20,28.30,39.22	
"
20:02.59,"7.28,3.61,1.61,10.25,6.69,7.76,4.64,38.20,28.30,39.22	
"
20:03.9,"7.28,3.61,1.61,10.25,6.69,7.76,4.64,38.20,28.30,39.22	
"
20:04.60,"7.32,3.66,1.66,10.35,6.74,7.81,4.64,38.20,28.30,39.22	
"
20:05.11,"7.37,3.66,1.66,10.40,6.79,7.86,4.69,38.20,28.30,39.22	
"
20:05.61,"7.37,3.66,1.66,10.40,6.79,7.86,4.69,38.20,28.30,39.22	
"
20:06.11,"7.37,3.66,1.66,10.40,6.79,7.86,4.69,38.20,28.30,39.22	
"
20:06.63,"7.37,3.66,1.66,10.40,6.74,7.86,4.69,38.20,28.30,39.22	
"
20:07.13,"7.37,3.66,1.66,10.40,6.79,7.86,4.69,38.20,28.30,39.22	
"
20:07.63,"7.37,3.66,1.61,10.45,6.79,7.86,4.69,38.20,28.30,39.22	
"
20:08.14,"7.37,3.66,1.61,10.40,6.79,7.86,4.69,38.20,28.30,39.22	
"
20:08.65,"7.37,3.66,1.66,10.40,6.79,7.81,4.69,38.20,28.30,39.22	
"
20:09.15,"7.37,3.66,1.61,10.40,6.79,7.81,4.69,38.20,28.30,39.22	
"
20:09.66,"7.32,3.66,1.61,10.40,6.79,7.86,4.69,38.20,28.30,39.22	
"
20:10.16,"7.37,3.66,1.66,10.40,6.79,7.86,4.69,38.20,28.30,39.22	
"
20:10.67,"7.37,3.66,1.66,10.45,6.79,7.81,4.69,38.20,28.30,39.22	
"
20:11.18,"7.37,3.66,1.66,10.40,6.79,7.86,4.69,38.20,28.30,39.22	
"
20:33.82,"
"
20:33.82,"7.37,3.71,1.66,10.40,6.79,7.91,4.69,38.20,28.30,39.22	
"
20:33.82,"7.37,3.66,1.66,10.40,6.79,7.96,4.69,38.20,28.30,39.22	
"
20:34.79,"7.18,3.56,1.61,10.16,6.59,7.67,4.54,38.20,28.30,39.22	
"
20:35.29,"7.18,3.56,1.61,10.16,6.59,7.71,4.54,38.20,28.30,39.22	
"
20:35.80,"7.18,3.56,1.61,10.16,6.59,7.67,4.54,38.20,28.30,39.22	
"
20:36.30,"7.18,3.56,1.61,10.11,6.59,7.71,4.54,38.20,28.30,39.22	
"
20:36.81,"7.18,3.56,1.61,10.11,6.59,7.67,4.54,38.20,28.30,39.22	
"
20:37.32,"7.18,3.56,1.61,10.11,6.59,7.67,4.54,38.20,28.30,39.22	
"
20:37.82,"7.18,3.56,1.61,10.11,6.59,7.67,4.54,38.20,28.30,39.22	
"
20:38.32,"7.18,3.56,1.61,10.11,6.59,7.67,4.64,38.20,28.30,39.22	
"
20:38.84,"7.18,3.56,1.61,10.16,6.59,7.67,4.54,38.20,28.30,39.22	
"
20:40.34,"7.23,3.56,1.61,10.16,6.64,7.71,4.59,38.20,28.30,39.22	
"
20:40.85,"7.28,3.61,1.61,10.30,6.69,7.76,4.59,38.20,28.30,39.22	
"
20:41.35,"7.28,3.61,1.61,10.25,6.69,7.76,4.64,38.20,28.30,39.22	
"
20:41.86,"7.28,3.61,1.61,10.25,6.64,7.76,4.64,38.20,28.30,39.22	
"
20:42.36,"7.28,3.61,1.61,10.25,6.64,7.76,4.59,38.20,28.30,39.22	
"
20:42.87,"7.28,3.61,1.61,10.25,6.69,7.76,4.64,38.20,28.30,39.22	
"
20:43.38,"7.28,3.61,1.61,10.25,6.69,7.76,4.69,38.20,28.30,39.22	
"
20:43.88,"7.28,3.61,1.61,10.25,6.69,7.81,4.64,38.20,28.30,39.22	
"
20:44.39,"7.28,3.61,1.61,10.25,6.64,7.81,4.59,38.20,28.30,39.22	
"
20:44.90,"7.28,3.61,1.71,10.25,6.69,7.81,4.59,38.20,28.30,39.22	
"
20:45.40,"7.28,3.61,1.61,10.25,6.69,7.81,4.64,38.20,28.30,39.22	
"
20:45.90,"7.28,3.61,1.61,10.25,6.64,7.81,4.59,38.20,28.30,39.22	
"
20:46.41,"7.28,3.61,1.61,10.25,6.69,7.81,4.59,38.20,28.30,39.22	
"
20:46.92,"7.28,3.61,1.61,10.25,6.69,7.81,4.64,38.20,28.30,39.22	
"
20:47.42,"7.28,3.61,1.61,10.25,6.69,7.81,4.64,38.20,28.30,39.22	
"
20:47.93,"7.28,3.61,1.61,10.30,6.69,7.81,4.64,38.20,28.30,39.22	
"
20:48.43,"7.28,3.61,1.61,10.25,6.69,7.86,4.64,38.20,28.30,39.22	
"
20:48.94,"7.28,3.61,1.61,10.25,6.69,7.81,4.64,38.20,28.30,39.22	
"
20:49.45,"7.28,3.61,1.61,10.25,6.69,7.86,4.59,38.20,28.30,39.22	
"
20:49.95,"7.28,3.61,1.61,10.25,6.64,7.81,4.64,38.20,28.30,39.22	
"
20:50.46,"7.28,3.61,1.61,10.25,6.69,7.81,4.64,38.20,28.30,39.22	
"
20:50.97,"7.28,3.61,1.61,10.30,6.64,7.81,4.64,38.20,28.30,39.22	
"
20:51.47,"7.28,3.61,1.61,10.25,6.69,7.81,4.59,38.20,28.30,39.22	
"
20:51.97,"7.28,3.61,1.61,10.30,6.69,7.81,4.64,38.20,28.30,39.22	
"
20:53.49,"7.37,3.66,1.61,10.40,6.74,7.96,4.64,38.20,28.30,39.22	
"
20:53.99,"7.37,3.71,1.66,10.40,6.79,8.01,4.69,38.20,28.30,39.22	
"
20:54.50,"7.37,3.66,1.66,10.40,6.74,7.96,4.69,38.20,28.30,39.22	
"
20:55.,"7.37,3.66,1.66,10.40,6.74,8.01,4.69,38.20,28.30,39.22	
"
20:55.51,"7.37,3.66,1.66,10.40,6.74,8.01,4.69,38.20,28.30,39.22	
"
20:56.2,"7.37,3.66,1.66,10.40,6.74,7.96,4.69,38.20,28.30,39.22	
"
20:56.52,"7.37,3.66,1.71,10.40,6.74,8.01,4.69,38.20,28.30,39.22	
"
20:57.3,"7.37,3.66,1.66,10.40,6.74,7.96,4.69,38.20,28.30,39.22	
"
20:57.54,"7.37,3.66,1.66,10.40,6.74,7.96,4.69,38.20,28.30,39.22	
"
20:58.4,"7.37,3.66,1.61,10.40,6.74,7.96,4.69,38.20,28.30,39.22	
"
20:58.54,"7.37,3.66,1.61,10.40,6.74,7.96,4.69,38.20,28.30,39.22	
"
20:59.5,"7.37,3.66,1.66,10.40,6.74,7.96,4.69,38.20,28.30,39.22	
"
20:59.56,"7.37,3.66,1.66,10.40,6.79,7.96,4.69,38.20,28.30,39.22	
"
21:00.6,"7.37,3.66,1.66,10.40,6.74,7.96,4.69,38.20,28.30,39.22	
"
22:16.59,"39.22	
"
22:16.59,"7.37,3.61,1.61,10.40,6.69,7.91,4.69,38.20,28.30,39.22	
"
22:16.59,"0,28.30,39.22	
"
22:16.59,"7.37,3.61,1.66,10.35,6.69,7.91,4.69,38.20,28.30,39.22	
"
22:16.60,"7.37,3.61,1.61,10.40,6.69,7.91,4.69,38.20,28.30,39.22	
"
22:17.55,"7.18,3.56,1.61,10.11,6.54,7.71,4.54,38.20,28.30,39.22	
"
22:18.6,"7.18,3.56,1.61,10.11,6.54,7.71,4.54,38.20,28.30,39.22	
"
22:18.56,"7.23,3.56,1.61,10.11,6.54,7.71,4.54,38.20,28.30,39.22	
"
22:19.7,"7.18,3.56,1.61,10.11,6.54,7.71,4.54,38.20,28.30,39.22	
"
22:19.58,"7.13,3.56,1.61,10.11,6.54,7.71,4.54,38.20,28.30,39.22	
"
22:20.8,"7.18,3.56,1.61,10.11,6.54,7.71,4.54,38.20,28.30,39.22	
"
22:20.59,"7.18,3.56,1.61,10.11,6.54,7.71,4.54,38.20,28.30,39.22	
"
22:22.10,"7.23,3.56,1.61,10.21,6.59,7.81,4.59,38.30,28.30,39.39	
"
22:22.60,"7.28,3.56,1.61,10.25,6.64,7.81,4.59,38.30,28.30,39.39	
"
22:23.11,"7.28,3.61,1.61,10.21,6.64,7.81,4.59,38.30,28.30,39.39	
"
22:23.61,"7.28,3.61,1.61,10.25,6.64,7.81,4.64,38.30,28.30,39.39	
"
22:24.12,"7.28,3.61,1.61,10.25,6.64,7.81,4.59,38.20,28.30,39.22	
"
22:24.63,"7.28,3.61,1.61,10.25,6.64,7.81,4.59,38.20,28.30,39.22	
"
22:25.13,"7.28,3.61,1.61,10.25,6.59,7.81,4.59,38.20,28.30,39.22	
"
22:25.63,"7.28,3.61,1.61,10.21,6.64,7.81,4.59,38.20,28.30,39.22	
"
22:26.15,"7.28,3.61,1.61,10.25,6.59,7.81,4.59,38.20,28.30,39.22	
"
22:26.65,"7.23,3.61,1.61,10.25,6.64,7.81,4.64,38.20,28.30,39.22	
"
22:27.15,"7.23,3.61,1.61,10.21,6.59,7.81,4.59,38.20,28.30,39.22	
"
22:27.66,"7.28,3.61,1.61,10.25,6.64,7.81,4.59,38.20,28.30,39.22	
"
22:28.17,"7.23,3.61,1.61,10.21,6.64,7.76,4.59,38.20,28.30,39.22	
"
22:28.67,"7.23,3.56,1.61,10.21,6.59,7.81,4.59,38.20,28.30,39.22	
"
22:29.18,"7.28,3.61,1.61,10.25,6.59,7.76,4.64,38.20,28.30,39.22	
"
22:29.68,"7.28,3.61,1.61,10.25,6.59,7.76,4.64,38.20,28.30,39.22	
"
22:30.19,"7.28,3.61,1.61,10.21,6.64,7.76,4.59,38.20,28.30,39.22	
"
22:30.70,"7.28,3.56,1.61,10.25,6.64,7.76,4.59,38.20,28.30,39.22	
"
22:31.20,"7.23,3.61,1.61,10.21,6.59,7.76,4.59,38.20,28.30,39.22	
"
22:31.70,"7.23,3.56,1.61,10.21,6.59,7.76,4.59,38.20,28.30,39.22	
"
22:32.22,"7.23,3.61,1.61,10.21,6.59,7.76,4.59,38.30,28.30,39.39	
"
22:32.72,"7.28,3.56,1.61,10.25,6.59,7.76,4.59,38.30,28.30,39.39	
"
22:33.22,"7.28,3.61,1.61,10.21,6.59,7.76,4.59,38.30,28.30,39.39	
"
22:33.73,"7.28,3.56,1.61,10.25,6.59,7.76,4.59,38.30,28.30,39.39	
"
22:35.24,"7.32,3.61,1.61,10.35,6.64,7.81,4.64,38.20,28.30,39.22	
"
22:35.74,"7.32,3.61,1.61,10.35,6.69,7.86,4.64,38.20,28.30,39.22	
"
22:36.25,"7.32,3.61,1.61,10.35,6.69,7.86,4.64,38.20,28.30,39.22	
"
22:36.75,"7.32,3.61,1.61,10.35,6.69,7.86,4.69,38.20,28.30,39.22	
"
22:37.26,"7.37,3.61,1.66,10.35,6.74,7.86,4.64,38.30,28.30,39.39	
"
22:37.77,"7.32,3.61,1.61,10.35,6.69,7.86,4.64,38.30,28.30,39.39	
"
22:38.27,"7.32,3.61,1.61,10.35,6.69,7.86,4.64,38.30,28.30,39.39	
"
22:38.78,"7.32,3.61,1.61,10.35,6.69,7.86,4.69,38.30,28.30,39.39	
"
22:39.29,"7.32,3.61,1.61,10.35,6.69,7.91,4.64,38.20,28.20,39.19	
"
22:39.79,"7.32,3.61,1.61,10.35,6.69,7.91,4.64,38.20,28.20,39.19	
"
22:40.30,"7.32,3.61,1.61,10.35,6.69,7.91,4.64,38.20,28.20,39.19	
"
22:40.80,"7.32,3.61,1.61,10.40,6.69,7.91,4.64,38.20,28.20,39.19	
"
22:41.31,"7.32,3.61,1.61,10.35,6.69,7.91,4.64,38.20,28.20,39.19	
"
22:41.82,"7.32,3.61,1.61,10.35,6.69,7.91,4.64,38.20,28.20,39.19	
"
25:43.78,"0.30,6.59,7.86,4.59,38.30,28.20,39.36	
"
25:44.75,"7.08,3.47,1.56,10.01,6.45,7.62,4.44,38.30,28.20,39.36	
"
25:45.25,"7.08,3.42,1.56,10.01,6.45,7.67,4.44,38.30,28.20,39.36	
"
25:45.75,"7.08,3.42,1.56,10.01,6.45,7.67,4.44,38.30,28.20,39.36	
"
25:46.26,"7.08,3.42,1.56,10.01,6.45,7.62,4.44,38.30,28.20,39.36	
"
25:46.77,"7.08,3.47,1.56,10.01,6.45,7.67,4.44,38.30,28.20,39.36	
"
25:47.27,"7.08,3.42,1.56,10.06,6.45,7.67,4.44,38.30,28.20,39.36	
"
25:47.78,"7.08,3.42,1.56,10.01,6.45,7.67,4.44,38.30,28.20,39.36	
"
25:48.28,"7.08,3.42,1.56,10.01,6.40,7.62,4.44,38.30,28.20,39.36	
"
25:48.79,"7.08,3.42,1.56,10.01,6.45,7.62,4.44,38.30,28.20,39.36	
"
25:49.30,"7.13,3.42,1.56,10.01,6.45,7.67,4.44,38.30,28.20,39.36	
"
25:49.80,"7.08,3.42,1.56,10.01,6.45,7.62,4.44,38.30,28.20,39.36	
"
25:51.31,"7.13,3.47,1.56,10.11,6.49,7.71,4.54,38.20,28.10,39.16	
"
25:51.82,"7.18,3.47,1.56,10.16,6.49,7.71,4.49,38.20,28.10,39.16	
"
25:52.32,"7.18,3.47,1.56,10.16,6.49,7.71,4.49,38.20,28.10,39.16	
"
25:52.82,"7.18,3.52,1.56,10.16,6.49,7.71,4.49,38.20,28.10,39.16	
"
25:53.33,"7.18,3.47,1.56,10.16,6.49,7.71,4.49,38.30,28.20,39.36	
"
25:53.84,"7.18,3.47,1.56,10.16,6.49,7.71,4.49,38.30,28.20,39.36	
"
25:54.34,"7.18,3.47,1.56,10.16,6.49,7.71,4.49,38.30,28.20,39.36	
"
25:54.85,"7.18,3.47,1.56,10.16,6.49,7.71,4.49,38.30,28.20,39.36	
"
25:55.36,"7.18,3.47,1.56,10.16,6.49,7.71,4.49,38.30,28.20,39.36	
"
25:55.86,"7.18,3.47,1.56,10.16,6.49,7.71,4.49,38.30,28.20,39.36	
"
25:56.37,"7.18,3.47,1.56,10.16,6.49,7.76,4.49,38.30,28.20,39.36	
"
25:56.87,"7.18,3.47,1.56,10.16,6.49,7.71,4.49,38.30,28.20,39.36	
"
25:57.38,"7.18,3.47,1.56,10.16,6.49,7.71,4.49,38.30,28.20,39.36	
"
25:57.89,"7.18,3.47,1.56,10.16,6.49,7.71,4.49,38.30,28.20,39.36	
"
25:58.39,"7.18,3.47,1.56,10.16,6.49,7.71,4.49,38.30,28.20,39.36	
"
25:58.90,"7.18,3.47,1.56,10.16,6.49,7.71,4.49,38.30,28.20,39.36	
"
25:59.41,"7.18,3.47,1.56,10.16,6.49,7.71,4.49,38.30,28.20,39.36	
"
25:59.91,"7.18,3.47,1.56,10.16,6.49,7.71,4.49,38.30,28.20,39.36	
"
26:00.42,"7.18,3.47,1.56,10.16,6.49,7.71,4.49,38.30,28.20,39.36	
"
26:00.92,"7.18,3.47,1.56,10.16,6.49,7.71,4.49,38.30,28.20,39.36	
"
26:01.43,"7.18,3.47,1.56,10.16,6.49,7.76,4.49,38.30,28.20,39.36	
"
26:01.94,"7.18,3.47,1.56,10.16,6.49,7.76,4.49,38.30,28.20,39.36	
"
26:02.44,"7.18,3.47,1.56,10.16,6.49,7.76,4.49,38.30,28.20,39.36	
"
26:02.94,"7.18,3.47,1.56,10.16,6.49,7.76,4.49,38.30,28.20,39.36	
"
26:04.45,"7.28,3.52,1.56,10.25,6.59,7.81,4.54,38.30,28.20,39.36	
"
26:04.96,"7.28,3.52,1.61,10.25,6.59,7.81,4.54,38.30,28.20,39.36	
"
26:05.46,"7.28,3.52,1.56,10.25,6.59,7.81,4.54,38.30,28.20,39.36	
"
26:05.97,"7.28,3.52,1.61,10.30,6.59,7.86,4.54,38.30,28.20,39.36	
"
26:06.48,"7.28,3.52,1.56,10.25,6.59,7.81,4.54,38.30,28.20,39.36	
"
26:06.98,"7.28,3.56,1.61,10.25,6.59,7.81,4.54,38.30,28.20,39.36	
"
26:07.49,"7.28,3.52,1.61,10.30,6.59,7.86,4.59,38.30,28.20,39.36	
"
26:07.99,"7.28,3.52,1.56,10.30,6.59,7.81,4.59,38.30,28.20,39.36	
"
26:08.50,"7.32,3.52,1.61,10.30,6.59,7.86,4.59,38.30,28.20,39.36	
"
26:09.1,"7.28,3.52,1.61,10.25,6.59,7.86,4.59,38.30,28.20,39.36	
"
26:09.51,"7.28,3.52,1.61,10.30,6.59,7.86,4.54,38.30,28.20,39.36	
"
26:10.1,"7.28,3.52,1.61,10.30,6.59,7.86,4.59,38.30,28.20,39.36	
"
26:10.52,"7.28,3.52,1.61,10.25,6.59,7.86,4.59,38.30,28.20,39.36	
"
26:11.3,"7.28,3.52,1.56,10.25,6.59,7.86,4.54,38.30,28.20,39.36	
"
26:49.68,".54,38.30,28.10,39.32	
"
26:49.68,"0,28.10,39.32	
"
26:49.68,"7.28,3.52,1.56,10.25,6.59,7.81,4.54,38.30,28.10,39.32	
"
26:49.68,"7.28,3.47,1.56,10.25,6.59,7.81,4.54,38.30,28.10,39.32	
"
26:50.64,"7.08,3.42,1.56,10.01,6.40,7.62,4.44,38.30,28.10,39.32	
"
26:51.15,"7.08,3.42,1.56,10.01,6.40,7.62,4.39,38.30,28.10,39.32	
"
26:51.65,"7.08,3.42,1.56,10.01,6.40,7.57,4.44,38.30,28.10,39.32	
"
26:52.16,"7.08,3.42,1.56,10.01,6.40,7.62,4.44,38.30,28.10,39.32	
"
26:52.66,"7.08,3.42,1.56,10.01,6.40,7.62,4.39,38.30,28.10,39.32	
"
26:53.17,"7.08,3.42,1.56,10.01,6.40,7.62,4.44,38.30,28.10,39.32	
"
26:53.67,"7.08,3.42,1.56,10.01,6.40,7.62,4.39,38.30,28.10,39.32	
"
26:54.18,"7.08,3.42,1.56,10.01,6.40,7.62,4.39,38.30,28.10,39.32	
"
26:55.69,"7.13,3.42,1.56,10.11,6.45,7.67,4.49,38.30,28.10,39.32	
"
26:56.19,"7.18,3.42,1.56,10.16,6.49,7.67,4.44,38.30,28.10,39.32	
"
26:56.70,"7.18,3.47,1.56,10.16,6.49,7.67,4.49,38.30,28.10,39.32	
"
26:57.20,"7.18,3.47,1.56,10.16,6.49,7.71,4.49,38.30,28.10,39.32	
"
26:57.71,"7.18,3.47,1.56,10.11,6.49,7.67,4.49,38.30,28.10,39.32	
"
26:58.22,"7.18,3.47,1.56,10.16,6.49,7.71,4.49,38.30,28.10,39.32	
"
26:58.72,"7.18,3.47,1.56,10.16,6.45,7.71,4.49,38.30,28.10,39.32	
"
26:59.22,"7.18,3.47,1.56,10.11,6.49,7.71,4.49,38.30,28.10,39.32	
"
26:59.74,"7.18,3.47,1.56,10.11,6.45,7.67,4.44,38.30,28.10,39.32	
"
27:00.24,"7.18,3.47,1.56,10.16,6.49,7.67,4.44,38.30,28.10,39.32	
"
27:00.74,"7.18,3.47,1.56,10.11,6.49,7.71,4.49,38.30,28.10,39.32	
"
27:01.25,"7.18,3.47,1.56,10.11,6.49,7.71,4.49,38.30,28.10,39.32	
"
27:01.76,"7.18,3.42,1.56,10.16,6.49,7.71,4.49,38.30,28.10,39.32	
"
27:02.26,"7.18,3.47,1.56,10.16,6.49,7.71,4.49,38.30,28.10,39.32	
"
27:02.77,"7.18,3.47,1.56,10.16,6.49,7.71,4.44,38.30,28.10,39.32	
"
27:03.27,"7.18,3.47,1.56,10.11,6.49,7.67,4.49,38.30,28.10,39.32	
"
27:03.78,"7.18,3.47,1.56,10.16,6.49,7.71,4.49,38.30,28.10,39.32	
"
27:04.29,"7.18,3.47,1.56,10.11,6.49,7.71,4.44,38.30,28.10,39.32	
"
27:04.79,"7.18,3.42,1.56,10.11,6.49,7.71,4.49,38.30,28.10,39.32	
"
27:05.29,"7.18,3.42,1.56,10.11,6.49,7.71,4.49,38.30,28.10,39.32	
"
27:05.81,"7.18,3.42,1.56,10.11,6.49,7.71,4.44,38.30,28.10,39.32	
"
27:06.31,"7.18,3.42,1.56,10.11,6.49,7.71,4.49,38.30,28.10,39.32	
"
27:06.81,"7.18,3.42,1.56,10.11,6.45,7.67,4.49,38.30,28.10,39.32	
"
27:07.32,"7.18,3.42,1.56,10.11,6.49,7.71,4.44,38.30,28.10,39.32	
"
27:08.83,"7.23,3.47,1.56,10.21,6.54,7.76,4.49,38.30,28.10,39.32	
"
27:09.33,"7.28,3.47,1.56,10.25,6.54,7.81,4.54,38.30,28.10,39.32	
"
27:09.84,"7.28,3.47,1.56,10.25,6.54,7.81,4.54,38.30,28.10,39.32	
"
27:10.34,"7.23,3.47,1.56,10.25,6.54,7.81,4.54,38.30,28.10,39.32	
"
27:10.85,"7.28,3.52,1.56,10.25,6.54,7.86,4.54,38.30,28.10,39.32	
"
27:11.36,"7.23,3.52,1.56,10.25,6.54,7.81,4.59,38.30,28.10,39.32	
"
27:11.86,"7.28,3.52,1.56,10.25,6.54,7.86,4.54,38.30,28.10,39.32	
"
27:12.37,"7.28,3.47,1.56,10.25,6.54,7.81,4.54,38.30,28.10,39.32	
"
27:12.88,"7.28,3.47,1.61,10.25,6.54,7.86,4.54,38.30,28.10,39.32	
"
27:13.38,"7.28,3.47,1.56,10.25,6.54,7.81,4.54,38.30,28.10,39.32	
"
27:13.89,"7.28,3.47,1.56,10.25,6.54,7.86,4.54,38.30,28.10,39.32	
"
27:14.39,"7.28,3.52,1.56,10.25,6.54,7.86,4.54,38.30,28.10,39.32	
"
27:14.90,"7.28,3.52,1.61,10.25,6.54,7.86,4.54,38.30,28.10,39.32	
"
27:15.41,"7.28,3.52,1.61,10.25,6.59,7.86,4.54,38.30,28.10,39.32	
"
29:15.76,"8.10,39.49	
"
29:15.76,"0,28.10,39.49	
"
29:15.76,"7.28,3.52,1.61,10.25,6.54,7.91,4.59,38.40,28.10,39.49	
"
29:15.76,"7.28,3.52,1.56,10.25,6.49,7.91,4.59,38.40,28.10,39.49	
"
29:15.76,"0,28.10,39.49	
"
29:15.76,"7.28,3.52,1.61,10.25,6.54,7.91,4.59,38.40,28.10,39.49	
"
29:15.76,"7.28,3.52,1.56,10.25,6.49,7.91,4.59,38.40,28.10,39.49	
"
29:16.72,"7.08,3.47,1.56,10.01,6.40,7.71,4.44,38.40,28.10,39.49	
"
29:17.22,"7.08,3.47,1.51,9.96,6.35,7.71,4.44,38.40,28.10,39.49	
"
29:17.73,"7.08,3.47,1.51,10.01,6.35,7.71,4.44,38.40,28.10,39.49	
"
29:18.23,"7.08,3.47,1.56,10.01,6.35,7.71,4.44,38.40,28.10,39.49	
"
29:18.74,"7.08,3.47,1.56,9.96,6.35,7.71,4.44,38.30,28.10,39.32	
"
29:20.25,"7.08,3.47,1.56,10.01,6.40,7.76,4.44,38.30,28.10,39.32	
"
29:20.76,"7.18,3.47,1.56,10.11,6.45,7.81,4.49,38.40,28.10,39.49	
"
29:21.26,"7.18,3.47,1.56,10.11,6.45,7.81,4.49,38.40,28.10,39.49	
"
29:21.77,"7.18,3.47,1.56,10.11,6.40,7.81,4.49,38.40,28.10,39.49	
"
29:22.27,"7.18,3.47,1.56,10.11,6.45,7.81,4.49,38.40,28.10,39.49	
"
29:22.78,"7.18,3.47,1.56,10.11,6.45,7.81,4.49,38.40,28.20,39.53	
"
29:23.29,"7.18,3.47,1.56,10.11,6.45,7.76,4.49,38.40,28.20,39.53	
"
29:23.79,"7.18,3.47,1.56,10.11,6.45,7.81,4.49,38.40,28.20,39.53	
"
29:24.29,"7.18,3.47,1.56,10.11,6.45,7.81,4.49,38.40,28.20,39.53	
"
29:24.81,"7.18,3.47,1.56,10.11,6.40,7.81,4.54,38.40,28.10,39.49	
"
29:25.31,"7.18,3.47,1.56,10.11,6.45,7.81,4.49,38.40,28.10,39.49	
"
29:25.81,"7.18,3.56,1.56,10.11,6.45,7.81,4.49,38.40,28.10,39.49	
"
29:26.32,"7.18,3.47,1.56,10.11,6.45,7.81,4.49,38.40,28.10,39.49	
"
29:26.83,"7.18,3.47,1.56,10.11,6.45,7.81,4.49,38.30,28.10,39.32	
"
29:27.33,"7.18,3.47,1.56,10.11,6.45,7.81,4.49,38.30,28.10,39.32	
"
29:27.84,"7.18,3.47,1.56,10.11,6.45,7.81,4.49,38.30,28.10,39.32	
"
29:28.34,"7.18,3.47,1.56,10.11,6.45,7.86,4.49,38.30,28.10,39.32	
"
29:28.85,"7.18,3.47,1.56,10.11,6.45,7.81,4.49,38.30,28.10,39.32	
"
29:29.36,"7.18,3.47,1.56,10.11,6.45,7.81,4.49,38.30,28.10,39.32	
"
29:29.86,"7.18,3.47,1.56,10.11,6.45,7.81,4.49,38.30,28.10,39.32	
"
29:30.37,"7.18,3.47,1.56,10.11,6.45,7.81,4.49,38.30,28.10,39.32	
"
29:30.88,"7.18,3.52,1.56,10.11,6.45,7.81,4.49,38.40,28.10,39.49	
"
29:31.38,"7.18,3.47,1.56,10.11,6.40,7.81,4.49,38.40,28.10,39.49	
"
29:31.88,"7.13,3.47,1.56,10.11,6.45,7.81,4.49,38.40,28.10,39.49	
"
29:33.40,"7.23,3.52,1.56,10.21,6.49,7.91,4.54,38.40,28.10,39.49	
"
29:33.90,"7.28,3.56,1.56,10.21,6.49,7.91,4.54,38.40,28.10,39.49	
"
29:34.40,"7.28,3.52,1.61,10.25,6.49,7.91,4.54,38.40,28.10,39.49	
"
29:34.91,"7.28,3.52,1.61,10.25,6.49,7.96,4.59,38.40,28.10,39.49	
"
29:35.42,"7.28,3.56,1.56,10.25,6.49,7.91,4.54,38.40,28.10,39.49	
"
29:35.92,"7.28,3.56,1.56,10.21,6.49,7.96,4.59,38.40,28.10,39.49	
"
29:36.43,"7.28,3.56,1.56,10.21,6.49,7.91,4.54,38.40,28.10,39.49	
"
29:36.93,"7.28,3.56,1.61,10.25,6.49,7.96,4.54,38.40,28.10,39.49	
"
29:37.44,"7.28,3.56,1.61,10.25,6.49,7.96,4.54,38.40,28.10,39.49	
"
29:37.95,"7.28,3.56,1.61,10.25,6.49,7.91,4.54,38.40,28.10,39.49	
"
29:38.45,"7.28,3.52,1.56,10.25,6.49,7.91,4.54,38.40,28.10,39.49	
"
29:38.95,"7.28,3.52,1.61,10.25,6.49,7.91,4.54,38.40,28.10,39.49	
"
29:39.47,"7.28,3.52,1.61,10.25,6.49,7.91,4.54,38.40,28.10,39.49	
"
29:39.97,"7.28,3.52,1.56,10.21,6.49,7.91,4.54,38.40,28.10,39.49	
"
31:42.5,"	
"
31:42.5,"0,28.00,39.46	
"
31:42.5,"7.28,3.56,1.56,10.25,6.49,7.96,4.54,38.40,28.00,39.46	
"
31:42.5,"7.28,3.56,1.56,10.25,6.49,7.96,4.54,38.40,28.00,39.46	
"
31:43.2,"7.08,3.47,1.56,10.01,6.30,7.76,4.44,38.40,28.00,39.46	
"
31:43.52,"7.08,3.47,1.51,9.96,6.30,7.76,4.44,38.40,28.00,39.46	
"
31:44.3,"7.08,3.47,1.56,10.01,6.30,7.76,4.44,38.40,28.00,39.46	
"
31:44.53,"7.08,3.47,1.56,9.96,6.30,7.76,4.44,38.40,28.00,39.46	
"
31:45.4,"7.08,3.47,1.56,10.01,6.30,7.76,4.44,38.40,28.00,39.46	
"
31:45.54,"7.08,3.47,1.56,10.01,6.30,7.76,4.44,38.40,28.00,39.46	
"
31:46.5,"7.08,3.47,1.56,9.96,6.30,7.76,4.44,38.40,28.00,39.46	
"
31:46.55,"7.08,3.47,1.56,9.96,6.30,7.76,4.44,38.40,28.00,39.46	
"
31:48.6,"7.13,3.47,1.56,10.06,6.40,7.86,4.49,38.40,28.10,39.49	
"
31:48.57,"7.18,3.52,1.56,10.11,6.40,7.86,4.49,38.40,28.10,39.49	
"
31:49.7,"7.18,3.52,1.56,10.11,6.40,7.86,4.49,38.40,28.10,39.49	
"
31:49.58,"7.18,3.52,1.56,10.11,6.40,7.86,4.49,38.40,28.10,39.49	
"
31:50.9,"7.18,3.52,1.56,10.11,6.40,7.86,4.49,38.40,28.10,39.49	
"
31:50.59,"7.18,3.52,1.56,10.11,6.40,7.86,4.49,38.40,28.10,39.49	
"
31:51.9,"7.18,3.52,1.56,10.11,6.40,7.86,4.49,38.40,28.10,39.49	
"
31:51.60,"7.18,3.52,1.56,10.11,6.40,7.86,4.49,38.40,28.10,39.49	
"
31:52.11,"7.18,3.52,1.56,10.11,6.40,7.91,4.49,38.40,28.10,39.49	
"
31:52.61,"7.18,3.52,1.56,10.11,6.40,7.91,4.49,38.40,28.10,39.49	
"
31:53.12,"7.18,3.56,1.56,10.11,6.40,7.91,4.49,38.40,28.10,39.49	
"
31:53.63,"7.18,3.52,1.56,10.11,6.40,7.91,4.49,38.40,28.10,39.49	
"
31:54.13,"7.18,3.52,1.56,10.11,6.40,7.86,4.49,38.40,28.10,39.49	
"
31:54.64,"7.18,3.52,1.56,10.11,6.40,7.91,4.49,38.40,28.10,39.49	
"
31:55.15,"7.18,3.52,1.56,10.11,6.40,7.91,4.49,38.40,28.10,39.49	
"
31:55.65,"7.18,3.52,1.56,10.11,6.40,7.91,4.49,38.40,28.10,39.49	
"
31:56.16,"7.18,3.52,1.56,10.11,6.40,7.86,4.49,38.40,28.10,39.49	
"
31:56.66,"7.18,3.52,1.56,10.11,6.45,7.86,4.49,38.40,28.10,39.49	
"
31:57.17,"7.18,3.52,1.56,10.11,6.40,7.91,4.49,38.40,28.10,39.49	
"
31:57.67,"7.18,3.52,1.56,10.11,6.40,7.86,4.49,38.40,28.10,39.49	
"
31:58.18,"7.18,3.52,1.56,10.11,6.40,7.86,4.49,38.40,28.10,39.49	
"
31:58.69,"7.18,3.52,1.56,10.11,6.40,7.91,4.49,38.40,28.10,39.49	
"
31:59.19,"7.18,3.52,1.56,10.11,6.40,7.91,4.49,38.40,28.10,39.49	
"
31:59.70,"7.18,3.52,1.56,10.11,6.40,7.91,4.49,38.40,28.10,39.49	
"
32:01.21,"7.23,3.56,1.56,10.21,6.45,8.01,4.54,38.40,28.10,39.49	
"
32:01.71,"7.28,3.56,1.56,10.25,6.49,8.01,4.54,38.40,28.10,39.49	
"
32:02.21,"7.28,3.56,1.56,10.25,6.49,8.01,4.54,38.40,28.10,39.49	
"
32:02.72,"7.28,3.56,1.56,10.25,6.49,8.06,4.54,38.40,28.10,39.49	
"
32:03.23,"7.28,3.56,1.56,10.25,6.49,8.06,4.54,38.40,28.10,39.49	
"
32:03.73,"7.28,3.56,1.56,10.25,6.49,8.06,4.54,38.40,28.10,39.49	
"
32:04.24,"7.28,3.56,1.56,10.25,6.49,8.06,4.59,38.40,28.10,39.49	
"
32:04.74,"7.28,3.56,1.61,10.25,6.49,8.06,4.54,38.40,28.10,39.49	
"
32:05.25,"7.28,3.56,1.56,10.25,6.49,8.06,4.54,38.40,28.10,39.49	
"
32:05.76,"7.28,3.56,1.56,10.25,6.49,8.06,4.54,38.40,28.10,39.49	
"
32:06.26,"7.28,3.56,1.61,10.25,6.49,8.06,4.54,38.40,28.10,39.49	
"
32:06.76,"7.28,3.56,1.61,10.25,6.49,8.06,4.54,38.40,28.10,39.49	
"
32:07.28,"7.28,3.56,1.56,10.25,6.49,8.11,4.54,38.40,28.10,39.49	
"
32:07.78,"7.28,3.56,1.56,10.25,6.49,8.11,4.54,38.40,28.10,39.49	
"
32:29.94,"1.56,10.01,6.35,7.91,4.44,38.40,28.10,39.49	
"
32:30.91,"7.13,3.47,1.56,10.01,6.35,7.91,4.44,38.40,28.10,39.49	
"
32:31.41,"7.08,3.47,1.56,10.01,6.35,7.91,4.44,38.40,28.10,39.49	
"
32:31.92,"7.08,3.47,1.56,10.01,6.30,7.91,4.44,38.40,28.10,39.49	
"
32:32.42,"7.08,3.47,1.56,10.01,6.35,7.91,4.44,38.40,28.10,39.49	
"
32:32.93,"7.08,3.47,1.56,10.01,6.30,7.91,4.44,38.40,28.10,39.49	
"
32:33.44,"7.08,3.47,1.51,10.01,6.30,7.91,4.44,38.40,28.10,39.49	
"
32:33.94,"7.08,3.47,1.56,10.01,6.30,7.91,4.44,38.40,28.10,39.49	
"
32:34.44,"7.08,3.47,1.56,10.01,6.35,7.91,4.44,38.40,28.10,39.49	
"
32:34.96,"7.08,3.47,1.56,10.01,6.35,7.91,4.44,38.40,28.10,39.49	
"
32:35.46,"7.08,3.47,1.56,10.01,6.35,7.86,4.44,38.40,28.10,39.49	
"
32:35.96,"7.13,3.47,1.56,10.01,6.35,7.86,4.44,38.40,28.10,39.49	
"
32:37.48,"7.18,3.52,1.56,10.11,6.40,7.91,4.49,38.40,28.10,39.49	
"
32:37.98,"7.18,3.52,1.56,10.11,6.40,7.96,4.49,38.40,28.10,39.49	
"
32:38.48,"7.18,3.52,1.56,10.16,6.40,7.96,4.49,38.40,28.10,39.49	
"
32:38.99,"7.18,3.52,1.56,10.16,6.40,7.96,4.49,38.40,28.10,39.49	
"
32:39.50,"7.18,3.52,1.56,10.16,6.40,7.96,4.49,38.40,28.10,39.49	
"
32:40.,"7.18,3.52,1.56,10.11,6.40,7.96,4.49,38.40,28.10,39.49	
"
32:40.51,"7.18,3.52,1.56,10.11,6.40,7.96,4.49,38.40,28.10,39.49	
"
32:41.1,"7.18,3.52,1.56,10.16,6.40,7.96,4.49,38.40,28.10,39.49	
"
32:41.52,"7.18,3.52,1.56,10.16,6.40,7.96,4.49,38.40,28.10,39.49	
"
32:42.3,"7.18,3.52,1.56,10.11,6.40,7.96,4.49,38.40,28.10,39.49	
"
32:42.53,"7.18,3.52,1.56,10.11,6.40,7.96,4.49,38.40,28.10,39.49	
"
32:43.4,"7.18,3.52,1.56,10.11,6.40,7.96,4.49,38.40,28.10,39.49	
"
32:43.55,"7.18,3.52,1.56,10.11,6.40,7.96,4.49,38.40,28.00,39.46	
"
32:44.5,"7.18,3.52,1.56,10.11,6.40,7.91,4.49,38.40,28.00,39.46	
"
32:44.55,"7.18,3.52,1.56,10.11,6.40,7.91,4.49,38.40,28.00,39.46	
"
32:45.6,"7.18,3.47,1.56,10.11,6.40,7.91,4.49,38.40,28.00,39.46	
"
32:45.57,"7.18,3.47,1.56,10.11,6.40,7.91,4.49,38.40,28.00,39.46	
"
32:46.7,"7.18,3.47,1.56,10.11,6.40,7.91,4.49,38.40,28.00,39.46	
"
32:46.58,"7.18,3.47,1.56,10.11,6.40,7.91,4.49,38.40,28.00,39.46	
"
32:47.8,"7.18,3.47,1.56,10.11,6.40,7.91,4.49,38.40,28.00,39.46	
"
32:47.59,"7.18,3.47,1.56,10.11,6.40,7.91,4.49,38.40,28.00,39.46	
"
32:48.10,"7.18,3.47,1.56,10.11,6.40,7.91,4.49,38.40,28.00,39.46	
"
32:48.60,"7.18,3.47,1.56,10.11,6.40,7.91,4.49,38.40,28.00,39.46	
"
32:49.11,"7.18,3.47,1.56,10.11,6.40,7.91,4.49,38.40,28.00,39.46	
"
32:50.61,"7.23,3.52,1.56,10.21,6.45,7.96,4.54,38.40,28.00,39.46	
"
32:51.12,"7.28,3.52,1.61,10.25,6.49,7.96,4.54,38.40,28.00,39.46	
"
32:51.62,"7.28,3.52,1.56,10.21,6.45,8.01,4.54,38.40,28.00,39.46	
"
32:52.13,"7.28,3.52,1.56,10.21,6.49,7.96,4.54,38.40,28.00,39.46	
"
32:52.64,"7.28,3.52,1.56,10.25,6.49,7.96,4.54,38.40,28.00,39.46	
"
32:53.14,"7.28,3.52,1.56,10.25,6.45,7.96,4.54,38.40,28.00,39.46	
"
32:53.65,"7.23,3.52,1.56,10.21,6.45,7.91,4.49,38.40,28.00,39.46	
"
32:54.15,"7.28,3.52,1.56,10.25,6.45,7.96,4.54,38.40,28.00,39.46	
"
32:54.66,"7.23,3.52,1.56,10.21,6.45,7.96,4.54,38.40,27.90,39.43	
"
32:55.17,"7.23,3.52,1.56,10.21,6.45,7.96,4.49,38.40,27.90,39.43	
"
32:55.67,"7.23,3.52,1.56,10.21,6.49,7.91,4.49,38.40,27.90,39.43	
"
32:56.18,"7.23,3.52,1.56,10.21,6.45,7.91,4.49,38.40,27.90,39.43	
"
32:56.69,"7.23,3.52,1.56,10.21,6.45,7.91,4.49,38.40,27.90,39.43	
"
32:57.19,"7.28,3.52,1.56,10.25,6.45,7.91,4.54,38.40,27.90,39.43	
"
33:21.35,"	
"
33:21.35,".50,27.90,39.59	
"
33:21.35,"7.03,3.42,1.51,9.96,6.30,7.76,4.39,38.50,27.90,39.59	
"
33:21.35,"7.03,3.42,1.51,9.96,6.30,7.71,4.39,38.50,27.90,39.59	
"
33:21.35,".50,27.90,39.59	
"
33:21.35,"7.03,3.42,1.51,9.96,6.30,7.76,4.39,38.50,27.90,39.59	
"
33:21.35,"7.03,3.42,1.51,9.96,6.30,7.71,4.39,38.50,27.90,39.59	
"
33:22.31,"7.08,3.37,1.51,9.96,6.30,7.71,4.39,38.50,27.90,39.59	
"
33:22.82,"7.03,3.42,1.51,9.96,6.30,7.71,4.39,38.50,27.90,39.59	
"
33:23.32,"7.03,3.37,1.51,9.96,6.25,7.71,4.39,38.50,27.90,39.59	
"
33:23.82,"7.03,3.42,1.51,9.96,6.25,7.71,4.39,38.50,27.90,39.59	
"
33:24.34,"7.08,3.37,1.51,9.96,6.30,7.76,4.39,38.50,27.90,39.59	
"
33:25.84,"7.08,3.42,1.51,10.01,6.30,7.76,4.39,38.50,27.90,39.59	
"
33:26.35,"7.13,3.42,1.56,10.11,6.35,7.81,4.44,38.50,27.90,39.59	
"
33:26.85,"7.13,3.42,1.56,10.11,6.35,7.86,4.44,38.50,27.90,39.59	
"
33:27.36,"7.13,3.47,1.56,10.11,6.35,7.86,4.44,38.50,27.90,39.59	
"
33:27.86,"7.13,3.42,1.56,10.06,6.35,7.81,4.44,38.50,27.90,39.59	
"
33:28.37,"7.13,3.47,1.56,10.11,6.35,7.86,4.44,38.50,27.90,39.59	
"
33:28.88,"7.13,3.47,1.56,10.11,6.35,7.86,4.44,38.50,27.90,39.59	
"
33:29.38,"7.13,3.47,1.56,10.11,6.35,7.86,4.44,38.50,27.90,39.59	
"
33:29.89,"7.13,3.47,1.56,10.11,6.35,7.81,4.44,38.50,27.90,39.59	
"
33:30.40,"7.13,3.47,1.56,10.11,6.35,7.86,4.44,38.50,27.90,39.59	
"
33:30.90,"7.13,3.47,1.56,10.11,6.35,7.86,4.49,38.50,27.90,39.59	
"
33:31.41,"7.13,3.47,1.56,10.06,6.35,7.81,4.44,38.50,27.90,39.59	
"
33:31.91,"7.13,3.47,1.56,10.06,6.35,7.81,4.44,38.50,27.90,39.59	
"
33:32.42,"7.13,3.42,1.56,10.11,6.35,7.81,4.49,38.50,27.90,39.59	
"
33:32.92,"7.13,3.47,1.56,10.11,6.35,7.86,4.44,38.50,27.90,39.59	
"
33:33.43,"7.13,3.47,1.56,10.11,6.40,7.86,4.44,38.50,27.90,39.59	
"
33:33.94,"7.13,3.47,1.56,10.06,6.35,7.86,4.44,38.50,27.90,39.59	
"
33:34.44,"7.13,3.47,1.56,10.11,6.35,7.86,4.39,38.50,27.90,39.59	
"
33:34.95,"7.13,3.47,1.56,10.06,6.35,7.86,4.44,38.50,27.90,39.59	
"
33:35.46,"7.13,3.47,1.56,10.06,6.35,7.86,4.44,38.50,27.90,39.59	
"
33:35.96,"7.13,3.47,1.56,10.11,6.35,7.86,4.44,38.50,27.90,39.59	
"
33:36.47,"7.13,3.47,1.56,10.06,6.35,7.86,4.49,38.50,27.90,39.59	
"
33:36.97,"7.13,3.47,1.56,10.11,6.35,7.86,4.44,38.50,27.90,39.59	
"
33:37.48,"7.13,3.47,1.56,10.06,6.35,7.86,4.44,38.50,27.90,39.59	
"
33:38.99,"7.18,3.47,1.56,10.16,6.45,7.96,4.49,38.40,27.90,39.43	
"
33:39.49,"7.23,3.52,1.56,10.21,6.45,8.01,4.49,38.40,27.90,39.43	
"
33:40.,"7.23,3.47,1.56,10.21,6.45,8.01,4.49,38.40,27.90,39.43	
"
33:40.50,"7.23,3.52,1.56,10.21,6.45,8.01,4.49,38.40,27.90,39.43	
"
33:41.1,"7.23,3.52,1.56,10.21,6.45,8.06,4.49,38.50,27.90,39.59	
"
33:41.51,"7.23,3.52,1.56,10.21,6.40,8.01,4.54,38.50,27.90,39.59	
"
33:42.2,"7.23,3.52,1.56,10.21,6.45,8.01,4.49,38.50,27.90,39.59	
"
33:42.53,"7.23,3.52,1.56,10.21,6.45,8.01,4.49,38.50,27.90,39.59	
"
33:43.3,"7.23,3.52,1.56,10.21,6.45,8.01,4.49,38.50,27.90,39.59	
"
33:43.54,"7.28,3.52,1.56,10.21,6.45,8.01,4.54,38.50,27.90,39.59	
"
33:44.5,"7.23,3.52,1.56,10.21,6.45,8.01,4.49,38.50,27.90,39.59	
"
33:44.55,"7.23,3.52,1.56,10.21,6.45,8.06,4.54,38.50,27.90,39.59	
"
33:45.6,"7.23,3.52,1.56,10.21,6.45,8.06,4.54,38.50,28.00,39.63	
"
33:45.56,"7.23,3.52,1.56,10.21,6.45,8.01,4.49,38.50,28.00,39.63	
"
